0110011100000000
0110001100010000
0110101100000000
0110010000010000
0110110000000001
0110000001000000
0110100000000001
0110000101000000
0110100100000010
0110001001000000
0110101000000000
1111100010100000
1111100111000000
1111001110100000
1111010011000000
1111101010100000
0110011000000001
1000110111011000
1010111000000100
0110011000000010
1000110111011000
1010111000001011
1100011111101110
0110001000010000
0110101000000111
0000011111100001
1111001011100000
0110001000100000
0110101000000000
0110011010000000
0110111000001000
1111001011000000
1100011111100100
0110001000100000
0110101000000000
0110011010000000
0110111000000000
1111001011000000
1100011111011110