Radius 35 - 8

Radius 30 - 7

Radius 26 - 6

Radius 22 - 6
00000000000000000111111111100000000000000000
00000000000000111111111111111100000000000000
00000000000011111111111222211111000000000000
00000000001111111111111122222211110000000000
00000000011111111111111112222222111000000000
00000001111111111111111111222222221110000000
00000011111111111111111111122222222111000000
00000111111111111111111111112222222221100000
00000111111111111111111111111222222221100000
00001111111111111111111111111122222222110000
00011111111111111111111111111111222222211000
00011111111111111111111111111111122222211000
00111111111111111111111111111111112222221100
00111111111111111111111111111111112222221100
01111111111111111111111111111111111222222110
01111111111111111111111111111111111122222110
01111111111111111111111111111111111112222110
11111111111111111111111111111111111111222211
11111111111111111111111111111111111111122211
11111111111111111111111111111111111111112211
11111111111111111111111111111111111111111211
11111111111111111111111111111111111111111111
11111111111111111111111111111111111111111111
31111111111111111111111111111111111111111111
33111111111111111111111111111111111111111111
33311111111111111111111111111111111111111111
33331111111111111111111111111111111111111111
03333111111111111111111111111111111111111110
03333311111111111111111111111111111111111110
03333331111111111111111111111111111111111110
00333333111111111111111111111111111111111100
00333333111111111111111111111111111111111100
00033333311111111111111111111111111111111000
00033333311111111111111111111111111111111000
00003333331111111111111111111111111111110000
00000333333311111111111111111111111111100000
00000333333333111111111111111111111111100000
00000033333333311111111111111111111111000000
00000003333333331111111111111111111110000000
00000000033333333111111111111111111000000000
00000000003333333311111111111111110000000000
00000000000033333331111111111111000000000000
00000000000000333333111111111100000000000000
00000000000000000333311111100000000000000000
Radius 19 - 5
00000000000000011111111000000000000000
00000000000011111111111111000000000000
00000000001111111111222111110000000000
00000000111111111111122222111100000000
00000001111111111111112222221110000000
00000011111111111111111222222211000000
00000111111111111111111122222221100000
00001111111111111111111111222222110000
00011111111111111111111111112222211000
00011111111111111111111111111222211000
00111111111111111111111111111122221100
00111111111111111111111111111122221100
01111111111111111111111111111112222110
01111111111111111111111111111112222110
01111111111111111111111111111111222110
11111111111111111111111111111111122211
11111111111111111111111111111111112211
11111111111111111111111111111111111211
11111111111111111111111111111111111111
11111111111111111111111111111111111111
31111111111111111111111111111111111111
33111111111111111111111111111111111111
33311111111111111111111111111111111111
03331111111111111111111111111111111110
03333111111111111111111111111111111110
03333111111111111111111111111111111110
00333311111111111111111111111111111100
00333311111111111111111111111111111100
00033331111111111111111111111111111000
00033331111111111111111111111111111000
00003333111111111111111111111111110000
00000333331111111111111111111111100000
00000033333311111111111111111111000000
00000003333333111111111111111110000000
00000000333333311111111111111100000000
00000000003333331111111111110000000000
00000000000033333111111111000000000000
00000000000000033311111000000000000000
Radius 16 - 4
00000000000011111111000000000000
00000000011111111111111000000000
00000001111111111222111110000000
00000011111111111122222111000000
00000111111111111112222221100000
00001111111111111111222222110000
00011111111111111111122222211000
00111111111111111111111222221100
00111111111111111111111122221100
01111111111111111111111112222110
01111111111111111111111112222110
01111111111111111111111111222110
11111111111111111111111111122211
11111111111111111111111111112211
11111111111111111111111111111211
11111111111111111111111111111111
11111111111111111111111111111111
31111111111111111111111111111111
33111111111111111111111111111111
33311111111111111111111111111111
03331111111111111111111111111110
03333111111111111111111111111110
03333111111111111111111111111110
00333311111111111111111111111100
00333311111111111111111111111100
00033331111111111111111111111000
00003333311111111111111111110000
00000333333111111111111111100000
00000033333311111111111111000000
00000003333331111111111110000000
00000000033333111111111000000000
00000000000033311110000000000000
Radius 13 - 3
00000000011111111000000000
00000001111111111110000000
00000111111111222111100000
00001111111111122221110000
00011111111111112222211000
00111111111111111222221100
00111111111111111112221100
01111111111111111111222110
01111111111111111111222110
11111111111111111111122211
11111111111111111111112211
11111111111111111111111211
11111111111111111111111111
11111111111111111111111111
31111111111111111111111111
33111111111111111111111111
33311111111111111111111111
03331111111111111111111110
03331111111111111111111110
00333111111111111111111100
00333111111111111111111100
00033331111111111111111000
00003333311111111111110000
00000333331111111111100000
00000003333111111110000000
00000000033311111000000000
Radius 11 - 3
0000000011111100000000
0000011111111111100000
0000111111112211110000
0001111111111222211000
0011111111111122221100
0111111111111111222110
0111111111111111122110
0111111111111111122110
1111111111111111112211
1111111111111111111211
1111111111111111111111
1111111111111111111111
3111111111111111111111
3311111111111111111111
0331111111111111111110
0331111111111111111110
0333111111111111111110
0033311111111111111100
0003331111111111111000
0000333311111111110000
0000033331111111100000
0000000033111100000000
Radius 9 - 2
000000111111000000
000011111111110000
000111111122111000
001111111122221100
011111111111222110
011111111111122110
111111111111112211
111111111111111111
111111111111111111
111111111111111111
311111111111111111
331111111111111111
033111111111111110
033111111111111110
003311111111111100
000333111111111000
000033311111110000
000000331111000000
Radius 8 - 2
0000011111100000
0001111111111000
0011111112211100
0111111112222110
0111111111122110
1111111111112211
1111111111112211
1111111111111111
1111111111111111
3111111111111111
3311111111111111
0331111111111110
0331111111111110
0033311111111100
0003331111111000
0000033111100000
